 0 chargedgeantino 1 0 -1
 0 chargedgeantino 1 0 -1
 0 geantino 0 0 -1
 0 geantino 0 0 -1
 0 GenericIon 1 938.272 -1
 0 GenericIon 1 938.272 -1
 -1 anti_d_quark 0.33333333333333 4.7 -1
 -1 anti_d_quark 0.333333 4.7 -1
 1 d_quark -0.33333333333333 4.7 -1
 1 d_quark -0.333333 4.7 -1
 -2 anti_u_quark -0.66666666666667 2.2 -1
 -2 anti_u_quark -0.666667 2.2 -1
 2 u_quark 0.66666666666667 2.2 -1
 2 u_quark 0.666667 2.2 -1
 -3 anti_s_quark 0.33333333333333 96 -1
 -3 anti_s_quark 0.333333 96 -1
 3 s_quark -0.33333333333333 96 -1
 3 s_quark -0.333333 96 -1
 -4 anti_c_quark -0.66666666666667 1280 -1
 -4 anti_c_quark -0.666667 1280 -1
 4 c_quark 0.66666666666667 1280 -1
 4 c_quark 0.666667 1280 -1
 -5 anti_b_quark 0.33333333333333 4180 -1
 -5 anti_b_quark 0.333333 4180 -1
 5 b_quark -0.33333333333333 4180 -1
 5 b_quark -0.333333 4180 -1
 -6 anti_t_quark -0.66666666666667 173100 -1
 -6 anti_t_quark -0.666667 173100 -1
 6 t_quark 0.66666666666667 173100 -1
 6 t_quark 0.666667 173100 -1
 -11 e+ 1 0.510999 -1
 -11 e+ 1 0.510999 -1
 11 e- -1 0.510999 -1
 11 e- -1 0.510999 -1
 -12 anti_nu_e 0 0 -1
 -12 anti_nu_e 0 0 -1
 12 nu_e 0 0 -1
 12 nu_e 0 0 -1
 -13 mu+ 1 105.658 2196.98
 -13 mu+ 1 105.658 2196.98
 13 mu- -1 105.658 2196.98
 13 mu- -1 105.658 2196.98
 -14 anti_nu_mu 0 0 -1
 -14 anti_nu_mu 0 0 -1
 14 nu_mu 0 0 -1
 14 nu_mu 0 0 -1
 -15 tau+ 1 1776.86 0.0002903
 -15 tau+ 1 1776.86 0.0002903
 15 tau- -1 1776.86 0.0002903
 15 tau- -1 1776.86 0.0002903
 -16 anti_nu_tau 0 0 -1
 -16 anti_nu_tau 0 0 -1
 16 nu_tau 0 0 -1
 16 nu_tau 0 0 -1
 21 gluon 0 0 -1
 21 gluon 0 0 -1
 22 gamma 0 0 -1
 22 gamma 0 0 -1
 -22 opticalphoton 0 0 -1
 -22 opticalphoton 0 0 -1
 111 pi0 0 134.977 8.5150317846172e-08
 111 pi0 0 134.977 8.51503e-08
 113 rho0 0 775.26 0
 113 rho0 0 775.26 0
 115 a2(1320)0 0 1318.3 0
 115 a2(1320)0 0 1318.3 0
 117 rho3(1690)0 0 1688.8 0
 117 rho3(1690)0 0 1688.8 0
 130 kaon0L 0 497.614 51.16
 130 kaon0L 0 497.614 51.16
 -211 pi- -1 139.57 26.033
 -211 pi- -1 139.57 26.033
 211 pi+ 1 139.57 26.033
 211 pi+ 1 139.57 26.033
 -213 rho- -1 775.8 0
 -213 rho- -1 775.8 0
 213 rho+ 1 775.8 0
 213 rho+ 1 775.8 0
 -215 a2(1320)- -1 1318.3 0
 -215 a2(1320)- -1 1318.3 0
 215 a2(1320)+ 1 1318.3 0
 215 a2(1320)+ 1 1318.3 0
 -217 rho3(1690)- -1 1688.8 0
 -217 rho3(1690)- -1 1688.8 0
 217 rho3(1690)+ 1 1688.8 0
 217 rho3(1690)+ 1 1688.8 0
 221 eta 0 547.862 0
 221 eta 0 547.862 0
 223 omega 0 782.65 0
 223 omega 0 782.65 0
 225 f2(1270) 0 1275.5 0
 225 f2(1270) 0 1275.5 0
 227 omega3(1670) 0 1667 0
 227 omega3(1670) 0 1667 0
 310 kaon0S 0 497.614 0.08954
 310 kaon0S 0 497.614 0.08954
 -311 anti_kaon0 0 497.614 0
 -311 anti_kaon0 0 497.614 0
 311 kaon0 0 497.614 0
 311 kaon0 0 497.614 0
 -313 anti_k_star0 0 895.55 0
 -313 anti_k_star0 0 895.55 0
 313 k_star0 0 895.55 0
 313 k_star0 0 895.55 0
 -315 anti_k2_star(1430)0 0 1432.4 0
 -315 anti_k2_star(1430)0 0 1432.4 0
 315 k2_star(1430)0 0 1432.4 0
 315 k2_star(1430)0 0 1432.4 0
 -317 anti_k3_star(1780)0 0 1776 0
 -317 anti_k3_star(1780)0 0 1776 0
 317 k3_star(1780)0 0 1776 0
 317 k3_star(1780)0 0 1776 0
 -321 kaon- -1 493.677 12.38
 -321 kaon- -1 493.677 12.38
 321 kaon+ 1 493.677 12.38
 321 kaon+ 1 493.677 12.38
 -323 k_star- -1 891.76 0
 -323 k_star- -1 891.76 0
 323 k_star+ 1 891.76 0
 323 k_star+ 1 891.76 0
 -325 k2_star(1430)- -1 1425.6 0
 -325 k2_star(1430)- -1 1425.6 0
 325 k2_star(1430)+ 1 1425.6 0
 325 k2_star(1430)+ 1 1425.6 0
 -327 k3_star(1780)- -1 1776 0
 -327 k3_star(1780)- -1 1776 0
 327 k3_star(1780)+ 1 1776 0
 327 k3_star(1780)+ 1 1776 0
 331 eta_prime 0 957.78 0
 331 eta_prime 0 957.78 0
 333 phi 0 1019.46 0
 333 phi 0 1019.46 0
 335 f2_prime(1525) 0 1525 0
 335 f2_prime(1525) 0 1525 0
 337 phi3(1850) 0 1854 0
 337 phi3(1850) 0 1854 0
 -411 D- -1 1869.58 0.00104
 -411 D- -1 1869.58 0.00104
 411 D+ 1 1869.58 0.00104
 411 D+ 1 1869.58 0.00104
 -421 anti_D0 0 1864.84 0.0004101
 -421 anti_D0 0 1864.84 0.0004101
 421 D0 0 1864.84 0.0004101
 421 D0 0 1864.84 0.0004101
 -431 Ds- -1 1968.27 0.0005
 -431 Ds- -1 1968.27 0.0005
 431 Ds+ 1 1968.27 0.0005
 431 Ds+ 1 1968.27 0.0005
 441 etac 0 2983.4 0
 441 etac 0 2983.4 0
 443 J/psi 0 3096.92 0
 443 J/psi 0 3096.92 0
 -511 anti_B0 0 5279.61 0.00152
 -511 anti_B0 0 5279.61 0.00152
 511 B0 0 5279.61 0.00152
 511 B0 0 5279.61 0.00152
 -521 B- -1 5279.29 0.001638
 -521 B- -1 5279.29 0.001638
 521 B+ 1 5279.29 0.001638
 521 B+ 1 5279.29 0.001638
 -531 anti_Bs0 0 5366.89 0.001505
 -531 anti_Bs0 0 5366.89 0.001505
 531 Bs0 0 5366.89 0.001505
 531 Bs0 0 5366.89 0.001505
 -541 Bc- -1 6274.9 0.000507
 -541 Bc- -1 6274.9 0.000507
 541 Bc+ 1 6274.9 0.000507
 541 Bc+ 1 6274.9 0.000507
 553 Upsilon 0 9460.3 0
 553 Upsilon 0 9460.3 0
 -1103 anti_dd1_diquark 0.66666666666667 9.6 -1
 -1103 anti_dd1_diquark 0.666667 9.6 -1
 1103 dd1_diquark -0.66666666666667 9.6 -1
 1103 dd1_diquark -0.666667 9.6 -1
 -1112 anti_delta(1620)- 1 1630 0
 -1112 anti_delta(1620)- 1 1630 0
 1112 delta(1620)- -1 1630 0
 1112 delta(1620)- -1 1630 0
 -1114 anti_delta- 1 1232 0
 -1114 anti_delta- 1 1232 0
 1114 delta- -1 1232 0
 1114 delta- -1 1232 0
 -1116 anti_delta(1905)- 1 1880 0
 -1116 anti_delta(1905)- 1 1880 0
 1116 delta(1905)- -1 1880 0
 1116 delta(1905)- -1 1880 0
 -1118 anti_delta(1950)- 1 1930 0
 -1118 anti_delta(1950)- 1 1930 0
 1118 delta(1950)- -1 1930 0
 1118 delta(1950)- -1 1930 0
 -1212 anti_delta(1620)0 -0 1630 0
 -1212 anti_delta(1620)0 -0 1630 0
 1212 delta(1620)0 0 1630 0
 1212 delta(1620)0 0 1630 0
 -1214 anti_N(1520)0 -0 1515 0
 -1214 anti_N(1520)0 -0 1515 0
 1214 N(1520)0 0 1515 0
 1214 N(1520)0 0 1515 0
 -1216 anti_delta(1905)0 -0 1880 0
 -1216 anti_delta(1905)0 -0 1880 0
 1216 delta(1905)0 0 1880 0
 1216 delta(1905)0 0 1880 0
 -1218 anti_N(2190)0 -0 2190 0
 -1218 anti_N(2190)0 -0 2190 0
 1218 N(2190)0 0 2190 0
 1218 N(2190)0 0 2190 0
 -2101 anti_ud0_diquark -0.33333333333333 7.1 -1
 -2101 anti_ud0_diquark -0.333333 7.1 -1
 2101 ud0_diquark 0.33333333333333 7.1 -1
 2101 ud0_diquark 0.333333 7.1 -1
 -2103 anti_ud1_diquark -0.33333333333333 7 -1
 -2103 anti_ud1_diquark -0.333333 7 -1
 2103 ud1_diquark 0.33333333333333 7 -1
 2103 ud1_diquark 0.333333 7 -1
 -2112 anti_neutron 0 939.565 880200000000
 -2112 anti_neutron 0 939.565 8.802e+11
 2112 neutron 0 939.565 880200000000
 2112 neutron 0 939.565 8.802e+11
 -2114 anti_delta0 0 1232 0
 -2114 anti_delta0 0 1232 0
 2114 delta0 0 1232 0
 2114 delta0 0 1232 0
 -2116 anti_N(1675)0 -0 1675 0
 -2116 anti_N(1675)0 -0 1675 0
 2116 N(1675)0 0 1675 0
 2116 N(1675)0 0 1675 0
 -2118 anti_delta(1950)0 -0 1930 0
 -2118 anti_delta(1950)0 -0 1930 0
 2118 delta(1950)0 0 1930 0
 2118 delta(1950)0 0 1930 0
 -2122 anti_delta(1620)+ -1 1630 0
 -2122 anti_delta(1620)+ -1 1630 0
 2122 delta(1620)+ 1 1630 0
 2122 delta(1620)+ 1 1630 0
 -2124 anti_N(1520)+ -1 1515 0
 -2124 anti_N(1520)+ -1 1515 0
 2124 N(1520)+ 1 1515 0
 2124 N(1520)+ 1 1515 0
 -2126 anti_delta(1905)+ -1 1880 0
 -2126 anti_delta(1905)+ -1 1880 0
 2126 delta(1905)+ 1 1880 0
 2126 delta(1905)+ 1 1880 0
 -2128 anti_N(2190)+ -1 2190 0
 -2128 anti_N(2190)+ -1 2190 0
 2128 N(2190)+ 1 2190 0
 2128 N(2190)+ 1 2190 0
 -2203 anti_uu1_diquark -1.3333333333333 4.6 -1
 -2203 anti_uu1_diquark -1.33333 4.6 -1
 2203 uu1_diquark 1.3333333333333 4.6 -1
 2203 uu1_diquark 1.33333 4.6 -1
 -2212 anti_proton -1 938.272 -1
 -2212 anti_proton -1 938.272 -1
 2212 proton 1 938.272 -1
 2212 proton 1 938.272 -1
 -2214 anti_delta+ -1 1232 0
 -2214 anti_delta+ -1 1232 0
 2214 delta+ 1 1232 0
 2214 delta+ 1 1232 0
 -2216 anti_N(1675)+ -1 1675 0
 -2216 anti_N(1675)+ -1 1675 0
 2216 N(1675)+ 1 1675 0
 2216 N(1675)+ 1 1675 0
 -2218 anti_delta(1950)+ -1 1930 0
 -2218 anti_delta(1950)+ -1 1930 0
 2218 delta(1950)+ 1 1930 0
 2218 delta(1950)+ 1 1930 0
 -2222 anti_delta(1620)++ -2 1630 0
 -2222 anti_delta(1620)++ -2 1630 0
 2222 delta(1620)++ 2 1630 0
 2222 delta(1620)++ 2 1630 0
 -2224 anti_delta++ -2 1232 0
 -2224 anti_delta++ -2 1232 0
 2224 delta++ 2 1232 0
 2224 delta++ 2 1232 0
 -2226 anti_delta(1905)++ -2 1880 0
 -2226 anti_delta(1905)++ -2 1880 0
 2226 delta(1905)++ 2 1880 0
 2226 delta(1905)++ 2 1880 0
 -2228 anti_delta(1950)++ -2 1930 0
 -2228 anti_delta(1950)++ -2 1930 0
 2228 delta(1950)++ 2 1930 0
 2228 delta(1950)++ 2 1930 0
 -3101 anti_sd0_diquark 0.66666666666667 102 -1
 -3101 anti_sd0_diquark 0.666667 102 -1
 3101 sd0_diquark -0.66666666666667 102 -1
 3101 sd0_diquark -0.666667 102 -1
 -3103 anti_sd1_diquark 0.66666666666667 102.8 -1
 -3103 anti_sd1_diquark 0.666667 102.8 -1
 3103 sd1_diquark -0.66666666666667 102.8 -1
 3103 sd1_diquark -0.666667 102.8 -1
 -3112 anti_sigma- 1 1197.45 0.1479
 -3112 anti_sigma- 1 1197.45 0.1479
 3112 sigma- -1 1197.45 0.1479
 3112 sigma- -1 1197.45 0.1479
 -3114 anti_sigma(1385)- 1 1387.2 0
 -3114 anti_sigma(1385)- 1 1387.2 0
 3114 sigma(1385)- -1 1387.2 0
 3114 sigma(1385)- -1 1387.2 0
 -3116 anti_sigma(1775)- 1 1775 0
 -3116 anti_sigma(1775)- 1 1775 0
 3116 sigma(1775)- -1 1775 0
 3116 sigma(1775)- -1 1775 0
 -3118 anti_sigma(2030)- 1 2030 0
 -3118 anti_sigma(2030)- 1 2030 0
 3118 sigma(2030)- -1 2030 0
 3118 sigma(2030)- -1 2030 0
 -3122 anti_lambda 0 1115.68 0.2631
 -3122 anti_lambda 0 1115.68 0.2631
 3122 lambda 0 1115.68 0.2631
 3122 lambda 0 1115.68 0.2631
 -3124 anti_lambda(1520) -0 1519.5 0
 -3124 anti_lambda(1520) -0 1519.5 0
 3124 lambda(1520) 0 1519.5 0
 3124 lambda(1520) 0 1519.5 0
 -3126 anti_lambda(1820) -0 1820 0
 -3126 anti_lambda(1820) -0 1820 0
 3126 lambda(1820) 0 1820 0
 3126 lambda(1820) 0 1820 0
 -3128 anti_lambda(2100) -0 2100 0
 -3128 anti_lambda(2100) -0 2100 0
 3128 lambda(2100) 0 2100 0
 3128 lambda(2100) 0 2100 0
 -3201 anti_su0_diquark -0.333333 101.4 -1
 -3201 anti_su0_diquark -0.33333333333333 101.4 -1
 3201 su0_diquark 0.333333 101.4 -1
 3201 su0_diquark 0.33333333333333 101.4 -1
 -3203 anti_su1_diquark -0.333333 101.4 -1
 -3203 anti_su1_diquark -0.33333333333333 101.4 -1
 3203 su1_diquark 0.333333 101.4 -1
 3203 su1_diquark 0.33333333333333 101.4 -1
 -3212 anti_sigma0 0 1192.64 7.3956399657405e-11
 -3212 anti_sigma0 0 1192.64 7.39564e-11
 3212 sigma0 0 1192.64 7.3956399657405e-11
 3212 sigma0 0 1192.64 7.39564e-11
 -3214 anti_sigma(1385)0 -0 1383.7 0
 -3214 anti_sigma(1385)0 -0 1383.7 0
 3214 sigma(1385)0 0 1383.7 0
 3214 sigma(1385)0 0 1383.7 0
 -3216 anti_sigma(1775)0 -0 1775 0
 -3216 anti_sigma(1775)0 -0 1775 0
 3216 sigma(1775)0 0 1775 0
 3216 sigma(1775)0 0 1775 0
 -3218 anti_sigma(2030)0 -0 2030 0
 -3218 anti_sigma(2030)0 -0 2030 0
 3218 sigma(2030)0 0 2030 0
 3218 sigma(2030)0 0 2030 0
 -3222 anti_sigma+ -1 1189.37 0.08018
 -3222 anti_sigma+ -1 1189.37 0.08018
 3222 sigma+ 1 1189.37 0.08018
 3222 sigma+ 1 1189.37 0.08018
 -3224 anti_sigma(1385)+ -1 1382.8 0
 -3224 anti_sigma(1385)+ -1 1382.8 0
 3224 sigma(1385)+ 1 1382.8 0
 3224 sigma(1385)+ 1 1382.8 0
 -3226 anti_sigma(1775)+ -1 1775 0
 -3226 anti_sigma(1775)+ -1 1775 0
 3226 sigma(1775)+ 1 1775 0
 3226 sigma(1775)+ 1 1775 0
 -3228 anti_sigma(2030)+ -1 2030 0
 -3228 anti_sigma(2030)+ -1 2030 0
 3228 sigma(2030)+ 1 2030 0
 3228 sigma(2030)+ 1 2030 0
 -3303 anti_ss1_diquark 0.66666666666667 198 -1
 -3303 anti_ss1_diquark 0.666667 198 -1
 3303 ss1_diquark -0.66666666666667 198 -1
 3303 ss1_diquark -0.666667 198 -1
 -3312 anti_xi- 1 1321.71 0.1639
 -3312 anti_xi- 1 1321.71 0.1639
 3312 xi- -1 1321.71 0.1639
 3312 xi- -1 1321.71 0.1639
 -3314 anti_xi(1530)- 1 1535 0
 -3314 anti_xi(1530)- 1 1535 0
 3314 xi(1530)- -1 1535 0
 3314 xi(1530)- -1 1535 0
 -3322 anti_xi0 0 1314.86 0.29
 -3322 anti_xi0 0 1314.86 0.29
 3322 xi0 0 1314.86 0.29
 3322 xi0 0 1314.86 0.29
 -3324 anti_xi(1530)0 -0 1531.8 0
 -3324 anti_xi(1530)0 -0 1531.8 0
 3324 xi(1530)0 0 1531.8 0
 3324 xi(1530)0 0 1531.8 0
 -3334 anti_omega- 1 1672.45 0.0821
 -3334 anti_omega- 1 1672.45 0.0821
 3334 omega- -1 1672.45 0.0821
 3334 omega- -1 1672.45 0.0821
 -4101 anti_cd0_diquark -0.333333 1286.1 -1
 -4101 anti_cd0_diquark -0.33333333333333 1286.1 -1
 4101 cd0_diquark 0.333333 1286.1 -1
 4101 cd0_diquark 0.33333333333333 1286.1 -1
 -4103 anti_cd1_diquark -0.333333 1286 -1
 -4103 anti_cd1_diquark -0.33333333333333 1286 -1
 4103 cd1_diquark 0.333333 1286 -1
 4103 cd1_diquark 0.33333333333333 1286 -1
 -4112 anti_sigma_c0 0 2453.75 0
 -4112 anti_sigma_c0 0 2453.75 0
 4112 sigma_c0 0 2453.75 0
 4112 sigma_c0 0 2453.75 0
 -4122 anti_lambda_c+ -1 2286.46 0.0002
 -4122 anti_lambda_c+ -1 2286.46 0.0002
 4122 lambda_c+ 1 2286.46 0.0002
 4122 lambda_c+ 1 2286.46 0.0002
 -4132 anti_xi_c0 0 2470.85 0.000112
 -4132 anti_xi_c0 0 2470.85 0.000112
 4132 xi_c0 0 2470.85 0.000112
 4132 xi_c0 0 2470.85 0.000112
 -4201 anti_cu0_diquark -1.33333 1283.1 -1
 -4201 anti_cu0_diquark -1.3333333333333 1283.1 -1
 4201 cu0_diquark 1.33333 1283.1 -1
 4201 cu0_diquark 1.3333333333333 1283.1 -1
 -4203 anti_cu1_diquark -1.33333 1283 -1
 -4203 anti_cu1_diquark -1.3333333333333 1283 -1
 4203 cu1_diquark 1.33333 1283 -1
 4203 cu1_diquark 1.3333333333333 1283 -1
 -4212 anti_sigma_c+ -1 2452.9 0
 -4212 anti_sigma_c+ -1 2452.9 0
 4212 sigma_c+ 1 2452.9 0
 4212 sigma_c+ 1 2452.9 0
 -4222 anti_sigma_c++ -2 2453.97 0
 -4222 anti_sigma_c++ -2 2453.97 0
 4222 sigma_c++ 2 2453.97 0
 4222 sigma_c++ 2 2453.97 0
 -4232 anti_xi_c+ -1 2467.87 0.000442
 -4232 anti_xi_c+ -1 2467.87 0.000442
 4232 xi_c+ 1 2467.87 0.000442
 4232 xi_c+ 1 2467.87 0.000442
 -4301 anti_cs0_diquark -0.333333 1380.1 -1
 -4301 anti_cs0_diquark -0.33333333333333 1380.1 -1
 4301 cs0_diquark 0.333333 1380.1 -1
 4301 cs0_diquark 0.33333333333333 1380.1 -1
 -4303 anti_cs1_diquark -0.333333 1380 -1
 -4303 anti_cs1_diquark -0.33333333333333 1380 -1
 4303 cs1_diquark 0.333333 1380 -1
 4303 cs1_diquark 0.33333333333333 1380 -1
 -4332 anti_omega_c0 0 2695.2 6.9e-05
 -4332 anti_omega_c0 0 2695.2 6.9e-05
 4332 omega_c0 0 2695.2 6.9e-05
 4332 omega_c0 0 2695.2 6.9e-05
 -4403 anti_cc1_diquark -1.33333 2565 -1
 -4403 anti_cc1_diquark -1.3333333333333 2565 -1
 4403 cc1_diquark 1.33333 2565 -1
 4403 cc1_diquark 1.3333333333333 2565 -1
 -5101 anti_bd0_diquark 0.66666666666667 4186.1 -1
 -5101 anti_bd0_diquark 0.666667 4186.1 -1
 5101 bd0_diquark -0.66666666666667 4186.1 -1
 5101 bd0_diquark -0.666667 4186.1 -1
 -5103 anti_bd1_diquark 0.66666666666667 4186 -1
 -5103 anti_bd1_diquark 0.666667 4186 -1
 5103 bd1_diquark -0.66666666666667 4186 -1
 5103 bd1_diquark -0.666667 4186 -1
 -5112 anti_sigma_b- 1 5815.5 0
 -5112 anti_sigma_b- 1 5815.5 0
 5112 sigma_b- -1 5815.5 0
 5112 sigma_b- -1 5815.5 0
 -5122 anti_lambda_b 0 5619.58 0.00147
 -5122 anti_lambda_b 0 5619.58 0.00147
 5122 lambda_b 0 5619.58 0.00147
 5122 lambda_b 0 5619.58 0.00147
 -5132 anti_xi_b- 1 5794.5 0.001571
 -5132 anti_xi_b- 1 5794.5 0.001571
 5132 xi_b- -1 5794.5 0.001571
 5132 xi_b- -1 5794.5 0.001571
 -5201 anti_bu0_diquark -0.33333333333333 4183.1 -1
 -5201 anti_bu0_diquark -0.333333 4183.1 -1
 5201 bu0_diquark 0.33333333333333 4183.1 -1
 5201 bu0_diquark 0.333333 4183.1 -1
 -5203 anti_bu1_diquark -0.33333333333333 4183 -1
 -5203 anti_bu1_diquark -0.333333 4183 -1
 5203 bu1_diquark 0.33333333333333 4183 -1
 5203 bu1_diquark 0.333333 4183 -1
 -5212 anti_sigma_b0 0 5807.8 0
 -5212 anti_sigma_b0 0 5807.8 0
 5212 sigma_b0 0 5807.8 0
 5212 sigma_b0 0 5807.8 0
 -5222 anti_sigma_b+ -1 5811.3 0
 -5222 anti_sigma_b+ -1 5811.3 0
 5222 sigma_b+ 1 5811.3 0
 5222 sigma_b+ 1 5811.3 0
 -5232 anti_xi_b0 0 5791.9 0.001479
 -5232 anti_xi_b0 0 5791.9 0.001479
 5232 xi_b0 0 5791.9 0.001479
 5232 xi_b0 0 5791.9 0.001479
 -5301 anti_bs0_diquark 0.66666666666667 4280.1 -1
 -5301 anti_bs0_diquark 0.666667 4280.1 -1
 5301 bs0_diquark -0.66666666666667 4280.1 -1
 5301 bs0_diquark -0.666667 4280.1 -1
 -5303 anti_bs1_diquark 0.66666666666667 4280 -1
 -5303 anti_bs1_diquark 0.666667 4280 -1
 5303 bs1_diquark -0.66666666666667 4280 -1
 5303 bs1_diquark -0.666667 4280 -1
 -5332 anti_omega_b- 1 6046.1 0.00164
 -5332 anti_omega_b- 1 6046.1 0.00164
 5332 omega_b- -1 6046.1 0.00164
 5332 omega_b- -1 6046.1 0.00164
 -5401 anti_bc0_diquark -0.33333333333333 5465.1 -1
 -5401 anti_bc0_diquark -0.333333 5465.1 -1
 5401 bc0_diquark 0.33333333333333 5465.1 -1
 5401 bc0_diquark 0.333333 5465.1 -1
 -5403 anti_bc1_diquark -0.33333333333333 5465 -1
 -5403 anti_bc1_diquark -0.333333 5465 -1
 5403 bc1_diquark 0.33333333333333 5465 -1
 5403 bc1_diquark 0.333333 5465 -1
 -5503 anti_bb1_diquark 0.66666666666667 8365 -1
 -5503 anti_bb1_diquark 0.666667 8365 -1
 5503 bb1_diquark -0.66666666666667 8365 -1
 5503 bb1_diquark -0.666667 8365 -1
 10111 a0(1450)0 0 1474 0
 10111 a0(1450)0 0 1474 0
 10113 b1(1235)0 0 1229.5 0
 10113 b1(1235)0 0 1229.5 0
 10115 pi2(1670)0 0 1672.2 0
 10115 pi2(1670)0 0 1672.2 0
 -10211 a0(1450)- -1 1474 0
 -10211 a0(1450)- -1 1474 0
 10211 a0(1450)+ 1 1474 0
 10211 a0(1450)+ 1 1474 0
 -10213 b1(1235)- -1 1229.5 0
 -10213 b1(1235)- -1 1229.5 0
 10213 b1(1235)+ 1 1229.5 0
 10213 b1(1235)+ 1 1229.5 0
 -10215 pi2(1670)- -1 1672.2 0
 -10215 pi2(1670)- -1 1672.2 0
 10215 pi2(1670)+ 1 1672.2 0
 10215 pi2(1670)+ 1 1672.2 0
 10223 h1(1170) 0 1170 0
 10223 h1(1170) 0 1170 0
 10225 eta2(1645) 0 1617 0
 10225 eta2(1645) 0 1617 0
 -10311 anti_k0_star(1430)0 0 1430 0
 -10311 anti_k0_star(1430)0 0 1430 0
 10311 k0_star(1430)0 0 1430 0
 10311 k0_star(1430)0 0 1430 0
 -10313 anti_k1(1270)0 0 1272 0
 -10313 anti_k1(1270)0 0 1272 0
 10313 k1(1270)0 0 1272 0
 10313 k1(1270)0 0 1272 0
 -10315 anti_k2(1770)0 0 1773 0
 -10315 anti_k2(1770)0 0 1773 0
 10315 k2(1770)0 0 1773 0
 10315 k2(1770)0 0 1773 0
 -10321 k0_star(1430)- -1 1430 0
 -10321 k0_star(1430)- -1 1430 0
 10321 k0_star(1430)+ 1 1430 0
 10321 k0_star(1430)+ 1 1430 0
 -10323 k1(1270)- -1 1272 0
 -10323 k1(1270)- -1 1272 0
 10323 k1(1270)+ 1 1272 0
 10323 k1(1270)+ 1 1272 0
 -10325 k2(1770)- -1 1773 0
 -10325 k2(1770)- -1 1773 0
 10325 k2(1770)+ 1 1773 0
 10325 k2(1770)+ 1 1773 0
 10331 f0(1710) 0 1723 0
 10331 f0(1710) 0 1723 0
 10333 h1(1380) 0 1386 0
 10333 h1(1380) 0 1386 0
 10335 eta2(1870) 0 1842 0
 10335 eta2(1870) 0 1842 0
 -11112 anti_delta(1900)- 1 1900 0
 -11112 anti_delta(1900)- 1 1900 0
 11112 delta(1900)- -1 1900 0
 11112 delta(1900)- -1 1900 0
 -11114 anti_delta(1700)- 1 1700 0
 -11114 anti_delta(1700)- 1 1700 0
 11114 delta(1700)- -1 1700 0
 11114 delta(1700)- -1 1700 0
 -11116 anti_delta(1930)- 1 1950 0
 -11116 anti_delta(1930)- 1 1950 0
 11116 delta(1930)- -1 1950 0
 11116 delta(1930)- -1 1950 0
 -11212 anti_delta(1900)0 -0 1900 0
 -11212 anti_delta(1900)0 -0 1900 0
 11212 delta(1900)0 0 1900 0
 11212 delta(1900)0 0 1900 0
 -11216 anti_delta(1930)0 -0 1950 0
 -11216 anti_delta(1930)0 -0 1950 0
 11216 delta(1930)0 0 1950 0
 11216 delta(1930)0 0 1950 0
 -12112 anti_N(1440)0 -0 1430 0
 -12112 anti_N(1440)0 -0 1430 0
 12112 N(1440)0 0 1430 0
 12112 N(1440)0 0 1430 0
 -12114 anti_delta(1700)0 -0 1700 0
 -12114 anti_delta(1700)0 -0 1700 0
 12114 delta(1700)0 0 1700 0
 12114 delta(1700)0 0 1700 0
 -12116 anti_N(1680)0 -0 1685 0
 -12116 anti_N(1680)0 -0 1685 0
 12116 N(1680)0 0 1685 0
 12116 N(1680)0 0 1685 0
 -12118 anti_N(1990)0 -0 1950 0
 -12118 anti_N(1990)0 -0 1950 0
 12118 N(1990)0 0 1950 0
 12118 N(1990)0 0 1950 0
 -12122 anti_delta(1900)+ -1 1900 0
 -12122 anti_delta(1900)+ -1 1900 0
 12122 delta(1900)+ 1 1900 0
 12122 delta(1900)+ 1 1900 0
 -12126 anti_delta(1930)+ -1 1950 0
 -12126 anti_delta(1930)+ -1 1950 0
 12126 delta(1930)+ 1 1950 0
 12126 delta(1930)+ 1 1950 0
 -12212 anti_N(1440)+ -1 1430 0
 -12212 anti_N(1440)+ -1 1430 0
 12212 N(1440)+ 1 1430 0
 12212 N(1440)+ 1 1430 0
 -12214 anti_delta(1700)+ -1 1700 0
 -12214 anti_delta(1700)+ -1 1700 0
 12214 delta(1700)+ 1 1700 0
 12214 delta(1700)+ 1 1700 0
 -12216 anti_N(1680)+ -1 1685 0
 -12216 anti_N(1680)+ -1 1685 0
 12216 N(1680)+ 1 1685 0
 12216 N(1680)+ 1 1685 0
 -12218 anti_N(1990)+ -1 1950 0
 -12218 anti_N(1990)+ -1 1950 0
 12218 N(1990)+ 1 1950 0
 12218 N(1990)+ 1 1950 0
 -12222 anti_delta(1900)++ -2 1900 0
 -12222 anti_delta(1900)++ -2 1900 0
 12222 delta(1900)++ 2 1900 0
 12222 delta(1900)++ 2 1900 0
 -12224 anti_delta(1700)++ -2 1700 0
 -12224 anti_delta(1700)++ -2 1700 0
 12224 delta(1700)++ 2 1700 0
 12224 delta(1700)++ 2 1700 0
 -12226 anti_delta(1930)++ -2 1950 0
 -12226 anti_delta(1930)++ -2 1950 0
 12226 delta(1930)++ 2 1950 0
 12226 delta(1930)++ 2 1950 0
 -13112 anti_sigma(1660)- 1 1660 0
 -13112 anti_sigma(1660)- 1 1660 0
 13112 sigma(1660)- -1 1660 0
 13112 sigma(1660)- -1 1660 0
 -13114 anti_sigma(1670)- 1 1670 0
 -13114 anti_sigma(1670)- 1 1670 0
 13114 sigma(1670)- -1 1670 0
 13114 sigma(1670)- -1 1670 0
 -13116 anti_sigma(1915)- 1 1915 0
 -13116 anti_sigma(1915)- 1 1915 0
 13116 sigma(1915)- -1 1915 0
 13116 sigma(1915)- -1 1915 0
 -13122 anti_lambda(1405) -0 1405.1 0
 -13122 anti_lambda(1405) -0 1405.1 0
 13122 lambda(1405) 0 1405.1 0
 13122 lambda(1405) 0 1405.1 0
 -13124 anti_lambda(1690) -0 1690 0
 -13124 anti_lambda(1690) -0 1690 0
 13124 lambda(1690) 0 1690 0
 13124 lambda(1690) 0 1690 0
 -13126 anti_lambda(1830) -0 1830 0
 -13126 anti_lambda(1830) -0 1830 0
 13126 lambda(1830) 0 1830 0
 13126 lambda(1830) 0 1830 0
 -13212 anti_sigma(1660)0 -0 1660 0
 -13212 anti_sigma(1660)0 -0 1660 0
 13212 sigma(1660)0 0 1660 0
 13212 sigma(1660)0 0 1660 0
 -13214 anti_sigma(1670)0 -0 1670 0
 -13214 anti_sigma(1670)0 -0 1670 0
 13214 sigma(1670)0 0 1670 0
 13214 sigma(1670)0 0 1670 0
 -13216 anti_sigma(1915)0 -0 1915 0
 -13216 anti_sigma(1915)0 -0 1915 0
 13216 sigma(1915)0 0 1915 0
 13216 sigma(1915)0 0 1915 0
 -13222 anti_sigma(1660)+ -1 1660 0
 -13222 anti_sigma(1660)+ -1 1660 0
 13222 sigma(1660)+ 1 1660 0
 13222 sigma(1660)+ 1 1660 0
 -13224 anti_sigma(1670)+ -1 1670 0
 -13224 anti_sigma(1670)+ -1 1670 0
 13224 sigma(1670)+ 1 1670 0
 13224 sigma(1670)+ 1 1670 0
 -13226 anti_sigma(1915)+ -1 1915 0
 -13226 anti_sigma(1915)+ -1 1915 0
 13226 sigma(1915)+ 1 1915 0
 13226 sigma(1915)+ 1 1915 0
 -13314 anti_xi(1820)- 1 1823 0
 -13314 anti_xi(1820)- 1 1823 0
 13314 xi(1820)- -1 1823 0
 13314 xi(1820)- -1 1823 0
 -13316 anti_xi(2030)- 1 2025 0
 -13316 anti_xi(2030)- 1 2025 0
 13316 xi(2030)- -1 2025 0
 13316 xi(2030)- -1 2025 0
 -13324 anti_xi(1820)0 -0 1823 0
 -13324 anti_xi(1820)0 -0 1823 0
 13324 xi(1820)0 0 1823 0
 13324 xi(1820)0 0 1823 0
 -13326 anti_xi(2030)0 -0 2025 0
 -13326 anti_xi(2030)0 -0 2025 0
 13326 xi(2030)0 0 2025 0
 13326 xi(2030)0 0 2025 0
 20113 a1(1260)0 0 1230 0
 20113 a1(1260)0 0 1230 0
 -20213 a1(1260)- -1 1230 0
 -20213 a1(1260)- -1 1230 0
 20213 a1(1260)+ 1 1230 0
 20213 a1(1260)+ 1 1230 0
 20223 f1(1285) 0 1281.9 0
 20223 f1(1285) 0 1281.9 0
 -20313 anti_k1(1400)0 0 1403 0
 -20313 anti_k1(1400)0 0 1403 0
 20313 k1(1400)0 0 1403 0
 20313 k1(1400)0 0 1403 0
 -20323 k1(1400)- -1 1403 0
 -20323 k1(1400)- -1 1403 0
 20323 k1(1400)+ 1 1403 0
 20323 k1(1400)+ 1 1403 0
 20333 f1(1420) 0 1426.4 0
 20333 f1(1420) 0 1426.4 0
 -21112 anti_delta(1910)- 1 1890 0
 -21112 anti_delta(1910)- 1 1890 0
 21112 delta(1910)- -1 1890 0
 21112 delta(1910)- -1 1890 0
 -21114 anti_delta(1920)- 1 1920 0
 -21114 anti_delta(1920)- 1 1920 0
 21114 delta(1920)- -1 1920 0
 21114 delta(1920)- -1 1920 0
 -21212 anti_delta(1910)0 -0 1890 0
 -21212 anti_delta(1910)0 -0 1890 0
 21212 delta(1910)0 0 1890 0
 21212 delta(1910)0 0 1890 0
 -21214 anti_N(1700)0 -0 1700 0
 -21214 anti_N(1700)0 -0 1700 0
 21214 N(1700)0 0 1700 0
 21214 N(1700)0 0 1700 0
 -22112 anti_N(1535)0 -0 1535 0
 -22112 anti_N(1535)0 -0 1535 0
 22112 N(1535)0 0 1535 0
 22112 N(1535)0 0 1535 0
 -22114 anti_delta(1920)0 -0 1920 0
 -22114 anti_delta(1920)0 -0 1920 0
 22114 delta(1920)0 0 1920 0
 22114 delta(1920)0 0 1920 0
 -22122 anti_delta(1910)+ -1 1890 0
 -22122 anti_delta(1910)+ -1 1890 0
 22122 delta(1910)+ 1 1890 0
 22122 delta(1910)+ 1 1890 0
 -22124 anti_N(1700)+ -1 1700 0
 -22124 anti_N(1700)+ -1 1700 0
 22124 N(1700)+ 1 1700 0
 22124 N(1700)+ 1 1700 0
 -22212 anti_N(1535)+ -1 1535 0
 -22212 anti_N(1535)+ -1 1535 0
 22212 N(1535)+ 1 1535 0
 22212 N(1535)+ 1 1535 0
 -22214 anti_delta(1920)+ -1 1920 0
 -22214 anti_delta(1920)+ -1 1920 0
 22214 delta(1920)+ 1 1920 0
 22214 delta(1920)+ 1 1920 0
 -22222 anti_delta(1910)++ -2 1890 0
 -22222 anti_delta(1910)++ -2 1890 0
 22222 delta(1910)++ 2 1890 0
 22222 delta(1910)++ 2 1890 0
 -22224 anti_delta(1920)++ -2 1920 0
 -22224 anti_delta(1920)++ -2 1920 0
 22224 delta(1920)++ 2 1920 0
 22224 delta(1920)++ 2 1920 0
 -23112 anti_sigma(1750)- 1 1750 0
 -23112 anti_sigma(1750)- 1 1750 0
 23112 sigma(1750)- -1 1750 0
 23112 sigma(1750)- -1 1750 0
 -23114 anti_sigma(1940)- 1 1940 0
 -23114 anti_sigma(1940)- 1 1940 0
 23114 sigma(1940)- -1 1940 0
 23114 sigma(1940)- -1 1940 0
 -23122 anti_lambda(1600) -0 1600 0
 -23122 anti_lambda(1600) -0 1600 0
 23122 lambda(1600) 0 1600 0
 23122 lambda(1600) 0 1600 0
 -23124 anti_lambda(1890) -0 1890 0
 -23124 anti_lambda(1890) -0 1890 0
 23124 lambda(1890) 0 1890 0
 23124 lambda(1890) 0 1890 0
 -23126 anti_lambda(2110) -0 2110 0
 -23126 anti_lambda(2110) -0 2110 0
 23126 lambda(2110) 0 2110 0
 23126 lambda(2110) 0 2110 0
 -23212 anti_sigma(1750)0 -0 1750 0
 -23212 anti_sigma(1750)0 -0 1750 0
 23212 sigma(1750)0 0 1750 0
 23212 sigma(1750)0 0 1750 0
 -23214 anti_sigma(1940)0 -0 1940 0
 -23214 anti_sigma(1940)0 -0 1940 0
 23214 sigma(1940)0 0 1940 0
 23214 sigma(1940)0 0 1940 0
 -23222 anti_sigma(1750)+ -1 1750 0
 -23222 anti_sigma(1750)+ -1 1750 0
 23222 sigma(1750)+ 1 1750 0
 23222 sigma(1750)+ 1 1750 0
 -23224 anti_sigma(1940)+ -1 1940 0
 -23224 anti_sigma(1940)+ -1 1940 0
 23224 sigma(1940)+ 1 1940 0
 23224 sigma(1940)+ 1 1940 0
 -23314 anti_xi(1690)- 1 1690 0
 -23314 anti_xi(1690)- 1 1690 0
 23314 xi(1690)- -1 1690 0
 23314 xi(1690)- -1 1690 0
 -23324 anti_xi(1690)0 -0 1690 0
 -23324 anti_xi(1690)0 -0 1690 0
 23324 xi(1690)0 0 1690 0
 23324 xi(1690)0 0 1690 0
 30113 rho(1700)0 0 1720 0
 30113 rho(1700)0 0 1720 0
 -30213 rho(1700)- -1 1720 0
 -30213 rho(1700)- -1 1720 0
 30213 rho(1700)+ 1 1720 0
 30213 rho(1700)+ 1 1720 0
 30221 f0(1370) 0 1350 0
 30221 f0(1370) 0 1350 0
 30223 omega(1650) 0 1670 0
 30223 omega(1650) 0 1670 0
 -30313 anti_k_star(1680)0 0 1718 0
 -30313 anti_k_star(1680)0 0 1718 0
 30313 k_star(1680)0 0 1718 0
 30313 k_star(1680)0 0 1718 0
 -30323 k_star(1680)- -1 1718 0
 -30323 k_star(1680)- -1 1718 0
 30323 k_star(1680)+ 1 1718 0
 30323 k_star(1680)+ 1 1718 0
 -31114 anti_delta(1600)- 1 1600 0
 -31114 anti_delta(1600)- 1 1600 0
 31114 delta(1600)- -1 1600 0
 31114 delta(1600)- -1 1600 0
 -31214 anti_N(1720)0 -0 1720 0
 -31214 anti_N(1720)0 -0 1720 0
 31214 N(1720)0 0 1720 0
 31214 N(1720)0 0 1720 0
 -32112 anti_N(1650)0 -0 1655 0
 -32112 anti_N(1650)0 -0 1655 0
 32112 N(1650)0 0 1655 0
 32112 N(1650)0 0 1655 0
 -32114 anti_delta(1600)0 -0 1600 0
 -32114 anti_delta(1600)0 -0 1600 0
 32114 delta(1600)0 0 1600 0
 32114 delta(1600)0 0 1600 0
 -32124 anti_N(1720)+ -1 1720 0
 -32124 anti_N(1720)+ -1 1720 0
 32124 N(1720)+ 1 1720 0
 32124 N(1720)+ 1 1720 0
 -32212 anti_N(1650)+ -1 1655 0
 -32212 anti_N(1650)+ -1 1655 0
 32212 N(1650)+ 1 1655 0
 32212 N(1650)+ 1 1655 0
 -32214 anti_delta(1600)+ -1 1600 0
 -32214 anti_delta(1600)+ -1 1600 0
 32214 delta(1600)+ 1 1600 0
 32214 delta(1600)+ 1 1600 0
 -32224 anti_delta(1600)++ -2 1600 0
 -32224 anti_delta(1600)++ -2 1600 0
 32224 delta(1600)++ 2 1600 0
 32224 delta(1600)++ 2 1600 0
 -33122 anti_lambda(1670) -0 1670 0
 -33122 anti_lambda(1670) -0 1670 0
 33122 lambda(1670) 0 1670 0
 33122 lambda(1670) 0 1670 0
 -33314 anti_xi(1950)- 1 1950 0
 -33314 anti_xi(1950)- 1 1950 0
 33314 xi(1950)- -1 1950 0
 33314 xi(1950)- -1 1950 0
 -33324 anti_xi(1950)0 -0 1950 0
 -33324 anti_xi(1950)0 -0 1950 0
 33324 xi(1950)0 0 1950 0
 33324 xi(1950)0 0 1950 0
 -41214 anti_N(1900)0 -0 1900 0
 -41214 anti_N(1900)0 -0 1900 0
 41214 N(1900)0 0 1900 0
 41214 N(1900)0 0 1900 0
 -42112 anti_N(1710)0 -0 1710 0
 -42112 anti_N(1710)0 -0 1710 0
 42112 N(1710)0 0 1710 0
 42112 N(1710)0 0 1710 0
 -42124 anti_N(1900)+ -1 1900 0
 -42124 anti_N(1900)+ -1 1900 0
 42124 N(1900)+ 1 1900 0
 42124 N(1900)+ 1 1900 0
 -42212 anti_N(1710)+ -1 1710 0
 -42212 anti_N(1710)+ -1 1710 0
 42212 N(1710)+ 1 1710 0
 42212 N(1710)+ 1 1710 0
 -43122 anti_lambda(1800) -0 1800 0
 -43122 anti_lambda(1800) -0 1800 0
 43122 lambda(1800) 0 1800 0
 43122 lambda(1800) 0 1800 0
 -52114 anti_N(2090)0 -0 2080 0
 -52114 anti_N(2090)0 -0 2080 0
 52114 N(2090)0 0 2080 0
 52114 N(2090)0 0 2080 0
 -52214 anti_N(2090)+ -1 2080 0
 -52214 anti_N(2090)+ -1 2080 0
 52214 N(2090)+ 1 2080 0
 52214 N(2090)+ 1 2080 0
 -53122 anti_lambda(1810) -0 1810 0
 -53122 anti_lambda(1810) -0 1810 0
 53122 lambda(1810) 0 1810 0
 53122 lambda(1810) 0 1810 0
 100111 pi(1300)0 0 1300 0
 100111 pi(1300)0 0 1300 0
 100113 rho(1450)0 0 1465 0
 100113 rho(1450)0 0 1465 0
 -100211 pi(1300)- -1 1300 0
 -100211 pi(1300)- -1 1300 0
 100211 pi(1300)+ 1 1300 0
 100211 pi(1300)+ 1 1300 0
 -100213 rho(1450)- -1 1465 0
 -100213 rho(1450)- -1 1465 0
 100213 rho(1450)+ 1 1465 0
 100213 rho(1450)+ 1 1465 0
 100221 eta(1295) 0 1294 0
 100221 eta(1295) 0 1294 0
 100223 omega(1420) 0 1425 0
 100223 omega(1420) 0 1425 0
 -100311 anti_k(1460)0 0 1460 0
 -100311 anti_k(1460)0 0 1460 0
 100311 k(1460)0 0 1460 0
 100311 k(1460)0 0 1460 0
 -100313 anti_k_star(1410)0 0 1421 0
 -100313 anti_k_star(1410)0 0 1421 0
 100313 k_star(1410)0 0 1421 0
 100313 k_star(1410)0 0 1421 0
 -100315 anti_k2_star(1980)0 0 1973 0
 -100315 anti_k2_star(1980)0 0 1973 0
 100315 k2_star(1980)0 0 1973 0
 100315 k2_star(1980)0 0 1973 0
 -100321 k(1460)- -1 1460 0
 -100321 k(1460)- -1 1460 0
 100321 k(1460)+ 1 1460 0
 100321 k(1460)+ 1 1460 0
 -100323 k_star(1410)- -1 1421 0
 -100323 k_star(1410)- -1 1421 0
 100323 k_star(1410)+ 1 1421 0
 100323 k_star(1410)+ 1 1421 0
 -100325 k2_star(1980)- -1 1973 0
 -100325 k2_star(1980)- -1 1973 0
 100325 k2_star(1980)+ 1 1973 0
 100325 k2_star(1980)+ 1 1973 0
 100331 eta(1475) 0 1476 0
 100331 eta(1475) 0 1476 0
 100333 phi(1680) 0 1680 0
 100333 phi(1680) 0 1680 0
 9000111 a0(980)0 0 980 0
 9000111 a0(980)0 0 980 0
 -9000211 a0(980)- -1 980 0
 -9000211 a0(980)- -1 980 0
 9000211 a0(980)+ 1 980 0
 9000211 a0(980)+ 1 980 0
 9000221 f0(500) 0 475 0
 9000221 f0(500) 0 475 0
 9010221 f0(980) 0 990 0
 9010221 f0(980) 0 990 0
 9020221 eta(1405) 0 1408.8 0
 9020221 eta(1405) 0 1408.8 0
 9030221 f0(1500) 0 1504 0
 9030221 f0(1500) 0 1504 0
 9030225 f2(1810) 0 1815 0
 9030225 f2(1810) 0 1815 0
 9060225 f2(2010) 0 2010 0
 9060225 f2(2010) 0 2010 0
 -100002110 anti_N(2220)0 -0 2250 0
 -100002110 anti_N(2220)0 -0 2250 0
 100002110 N(2220)0 0 2250 0
 100002110 N(2220)0 0 2250 0
 -100002210 anti_N(2220)+ -1 2250 0
 -100002210 anti_N(2220)+ -1 2250 0
 100002210 N(2220)+ 1 2250 0
 100002210 N(2220)+ 1 2250 0
 -100012110 anti_N(2250)0 -0 2275 0
 -100012110 anti_N(2250)0 -0 2275 0
 100012110 N(2250)0 0 2275 0
 100012110 N(2250)0 0 2275 0
 -100012210 anti_N(2250)+ -1 2275 0
 -100012210 anti_N(2250)+ -1 2275 0
 100012210 N(2250)+ 1 2275 0
 100012210 N(2250)+ 1 2275 0
 -1000010020 anti_deuteron -1 1875.61 -1
 -1000010020 anti_deuteron -1 1875.61 -1
 1000010020 deuteron 1 1875.61 -1
 1000010020 deuteron 1 1875.61 -1
 -1000010030 anti_triton -1 2808.92 -1
 -1000010030 anti_triton -1 2808.92 -1
 1000010030 triton 1 2808.92 3.8852352e+17
 1000010030 triton 1 2808.92 3.88524e+17
 -1000020030 anti_He3 -2 2808.39 -1
 -1000020030 anti_He3 -2 2808.39 -1
 1000020030 He3 2 2808.39 -1
 1000020030 He3 2 2808.39 -1
 1000020040 alpha 2 3727.38 -1
 1000020040 alpha 2 3727.38 -1
 -1000020040 anti_alpha -2 3727.38 -1
 -1000020040 anti_alpha -2 3727.38 -1
